[[0, 83, 164, 245],
[1, 86, 176, 248],
[2, 85, 184, 247],
[3, 87, 195, 258],
[4, 81, 198, 252],
[5, 88, 214, 259],
[6, 82, 217, 262],
[7, 84, 228, 264],
[8, 89, 242, 269],
[9, 98, 170, 251],
[10, 96, 177, 249],
[11, 91, 181, 244],
[12, 92, 191, 254],
[13, 94, 202, 256],
[14, 93, 210, 255],
[15, 90, 216, 261],
[16, 95, 230, 266],
[17, 97, 241, 268],
[18, 106, 169, 250],
[19, 102, 174, 246],
[20, 99, 180, 243],
[21, 107, 197, 260],
[22, 100, 199, 253],
[23, 104, 212, 257],
[24, 103, 220, 265],
[25, 105, 231, 267],
[26, 101, 236, 263],
[27, 113, 167, 275],
[28, 109, 172, 271],
[29, 111, 183, 273],
[30, 108, 189, 279],
[31, 116, 206, 287],
[32, 110, 209, 281],
[33, 115, 223, 295],
[34, 112, 229, 292],
[35, 114, 240, 294],
[36, 123, 168, 276],
[37, 124, 178, 277],
[38, 125, 188, 278],
[39, 120, 192, 282],
[40, 121, 202, 283],
[41, 118, 208, 280],
[42, 119, 218, 290],
[43, 117, 225, 288],
[44, 122, 239, 293],
[45, 130, 166, 274],
[46, 126, 171, 270],
[47, 128, 182, 272],
[48, 131, 194, 284],
[49, 133, 205, 286],
[50, 132, 213, 285],
[51, 129, 219, 291],
[52, 134, 233, 296],
[53, 127, 235, 289],
[54, 136, 163, 298],
[55, 143, 179, 305],
[56, 142, 187, 304],
[57, 139, 193, 310],
[58, 140, 203, 311],
[59, 135, 207, 306],
[60, 141, 222, 321],
[61, 137, 227, 317],
[62, 138, 237, 318],
[63, 144, 162, 297],
[64, 146, 173, 299],
[65, 149, 185, 302],
[66, 145, 190, 307],
[67, 150, 204, 312],
[68, 147, 210, 309],
[69, 152, 224, 323],
[70, 151, 232, 322],
[71, 148, 238, 319],
[72, 156, 165, 300],
[73, 157, 175, 301],
[74, 159, 186, 303],
[75, 160, 196, 313],
[76, 155, 200, 308],
[77, 161, 215, 314],
[78, 158, 221, 320],
[79, 154, 226, 316],
[80, 153, 234, 315]]